0960500689517
5584645192914
9898151351985
4595974762314
9197829364790
4108920631977
5170681731214
7919553611815
6223475518828
8616483251125
8970026572174
6839994847019
8170229142999
0871660871786
2692448171488
0151442019418
2465769940203
5782954608767
0091571393941
4798694963034
6643456318554
4615258207773
7017189695431
2776028989482
3607946745434
7915468926011
4956173176324
0054761966354
5628646529359
3949680978101
4755988760598
2078966587303
0939269243264
1615339262293
9800495940915
5403779567645
2328276035883
0452360335060
8429644363454
2262021155961
7635365607192
7488022064692
8909179041637
3948196717025
9315445425886
0153520334775
4014142980168
1798558779577
8537210305441
7506749307027
0433325422308
4954073310333
1685436488939
7093631164962
9300935894280
2977125446930
1967785487180
8292108639211
1959856394741
2107547346759
0821345314308
2208075135754
3174362936601
4287903029637
7881726316205
9855216589386
2707283989071
6315172556730
1530176354927
9442272716095
5455515294215
8150666766205
5793386140104
2819107051833
6653249515870
0556434119461
8194688227445
8476275357911
1993058591112
7921452010965
5792929620896
2033719260350
4647136468865
6781507570432
1251561727249
7639329545389
3968188631026
4291063322021
7132820845222
8130340070368
9210141687630
2941470159307
2130444507592
9616648815535
3341025384785
3788087870866
0619605299671
7424684374007
4916055453605
8139501678149
0561896537926
5994584558356
5366339332666
9512681668004
5058495056800
4132812926583
9995756329499
4194045472713
9139160241523
1443236518224
2287097857653
6646294043141
7915651582069
9850138148113
4512398264794
3579899519645
9375698186886
3906954682290
4407331138739
9359208082992
5414637989179
7604843048767
1977835669103
2193620039338
0730816168828
3445142245732
3494829159360
4414923431592
2743639317195
2869584911279
2398311304460
4523397621218
5783620421701
1805178210496
1443108850384
0506959262735
5406144852556
7812938724143
2968906181151
1915829386118
0268003256043
3093623223229
3412184438529
8948100302727
7235827376780
6553200930267
2752486928328
9510203734455
1260203635728
8596272496479
5850291488073
4305313748453
4321393614261
5769045173394
0408165037507
8545710725677
0626136120794
3301455539708
8160743385206
0022102255168
8291675958781
0760744601871
6729067985091
7358815365861
5918107706237
1481597575348
2978604770024
8771652269285
3690272330432
3061110683577
3015327548289
5735135007637
1345565390794
8872511089919
9892252338506
8880521495721
7263051118060
0543298411257
5097363713036
0571509567658
9353823751712
8965950536979
7042918788649
5033993415790
4929048259940
5076252623308
0841443999740
3920433375331
8424503655712
0484954900478
2259447648168
8362700621032
2784865340693
8698472979136
6460021118983
2840290421210
7776441300608
2390527572184
3010046393932
2365360773910
6203181570344
9379023252307
4995919864295
9129782764208
7261571524055
3103211085510
1064369369555
4994947330320
0051970371920
2642608011934
1032419918363
1731506117898
8683465041179
4307373274103
2878121069907
7667869267577
6851854415065
4096182262297
5682082558478
3975775400659
4130440933490
7244053752697
0522106665491
1493410321474
9980129063794
7795198086579
7652153216531
4024132004836
4322591382900
3390933962114
1021000795760
2934166344064
7587820881889
5086568369862
4785316197632
7833021920903
2674270189289
4876143455264
1321812711430
9943836818674
0999721173668
1807485510725
3881991561189
0046282085981
5344225422035
6720094068927
4900490152791
9492072762936
8289179002005
6436757588367
9465869508652
9258105493868
6833394242158
8522494092007
9279658222353
0748789571878
2211212592999
4159058318610
7714502200315
3783335874016
4256412397967
3087128589615
9380625174542
5783696812785
0518901717841
5145928421378
4899026392445
7481748370442
9282294071664
7143381758138
3041882791034
4085286244154
3370219457635
2612638804687
9202421046881
7232084200078
7060712523153
0325917912621
6665218223754
6382228268186
7776977742164
0934462579591
0779262420357
2754670069399
8462583588089
3101233899694
6788448532374
7819435987127
3344300868522
6811919306571
3358943441921
3446068368150
2436466543928
0628467085242
8149880963235
8168867252837
1574069502559
5389146162487
0448625909209
7893394390801
5723886923336
4987302808325
9831641778337
1156368976251
0337074890492
8898031730960
4557166540081
1652160415533
2839676689943
0288718221109
4829856580445
5864176858118
4853309285128
2794506768876
2187585372377
1716555449696
0499545121309
4923225313675
5549185860774
6000647127529
5546379080865
2928177940901
9434938752015
4080594500973
4623112965464
3101096393372
9477267826889
6543095854066
2509799219672
8826498916513
7030276636851
3884759038084
0184815806786
9469886061831
7494069391388
3920781230096
3555252113975
6216346309590
9159771321254
7710659719652
6898596872492
2028917903338
8509580201041
7307801759731
9017895729587
2413486788726
6693534099625
3677093804162
5816379571301
5276941203304
8513530530611
8692741077470
6331448553286
6940607551627
0650217967167
2200674141173
0898668532367
6078613910832
6855921325770
5165531666521
9775247938612
7985370014527
8612607310665
9895376765549
2141298506104
8901848502716
7515544985856
3232913853987
1089398068707
9557085151870
9777995422026
9943803861917
0929081250442
5837388715452
9011667771272
0930997715089
9390695230089
0296052022335
0229290002837
4845863781913
8231874086171
8428367360578
7480674655488
2955375734698
8955920013747
9120881735407
6096540053449
4241206731435
8541262902438
4692094853612
0600135541355
9457102134174
4093742093429
1350163185788
3771657798002
3465863552111
4976744254993
9958470832862
5299119241156
6903343545822
8353208329821
6042298772631
9578195917589
9210675812658
8359036852077
1466222868186
8439180721469
9070843698448
6218988185377
6714546987159
1793052981461
3384760033803
1944096423416
0962109531235
5751626648043
5021658814071
7279978392130
5054538183768
8135706556915
5558588203258
2397097582699
0221852934279
0092292023269
4387023045291
4154069703941
9259814727047
9422758343274
5362673483979
6959717231694
5032433534737
7559581384255
0462581369586
7145393399142
9047609890432
0740288923208
0398319825910
8221657611851
8075744610376
0829667523228
5565926394482
5695402956954
4025123343829
6259664240046
5033366339753
9443227722945
4759022433799
0351268984374
8664879413803
1016776993352
4834477718786
4682238117669
1681214949719
8535587113621
4689901148748
4724358849798
9305123472462
7094497184254
1006693016990
4541625247210
1243397603458
7736389540806
6758950573327
0754312768569
3448930366554
9349918117383
6320865026843
4859330874393
0708513726076
3482133557108
8277329730834
0460596286523
4512594599684
0405236126129
6547136077077
5636935644482
0035738369609
4889455032784
9991985447418
4994801228866
2152375538515
8575636695922
9211771970762
9595937029863
3866264526926
5728171915303
2848958954627
7135644807379
7631494410410
6342936015887
6485848565432
8716556347666
1439341497242
5876792285738
6967905341240
8375457449358
1381637137717
4119001915124
9775094869265
6343934064197
2583216669543
4225235566953
7004206514124
9003893254984
8200924424993
8183539801978
8267087536048
5396286824415
9376780264577
3093045989414
4688325964989
6691806552631
8690149010471
2022494559865
3521602197737
9119933291638
4856170752841
4147375591580
2432927590972
5754859804285
0226460601690
0559650130860
8669174641419
0421859930088
3034176930621
8333072624516
0115148290666
4657607430728
5667435862245
3465969570097
6085684203322
4967332276593
1139308931331
2333521446866
6226866907131
3831846482298
2678584085376
2071336676133
3316398338753
2807567600061
3246522604390
2921697179539
5262608807826
9560485218914
0735511374373
2878776273714
1734226454603
2797797566467
2088047003909
2491046138466
8879587079875
5079774576621
6854198663981
5982977602846
8036388926395
5198660929217
2133961970473
7039936433590
6681131121808
0143371759339
6963136659545
6611360158284
0908679202342
3595735438146
9180245923838
2847130929937
4019213710799
7592558835413
8123725426995
7688660563554
2461229636401
2642011704023
7029308682631
5120846860118
1570932202602
8130863555215
6110855037579
8777150390272
2632300767016
1240856348056
7947640619094
6960650903563
2501944926271
0423045000641
4960304375506
3930270470184
1436254484393
1946483527510
3082246988307
9352616234855
1674625324312
2204997378776
3820597989275
0408143055485
9723266244371
4727172126164
4180694650525
0920897119927
9823657356732
0029924514921
6763640422619
4076575233851
4326987320986
3527607698613
1726012809212
8569783769890
6531611556571
4225658139840
0677743697987
1069023669029
8386051380450
3529002636961
2850418428043
1839574930083
0801224503046
9131589481227
5238772081909
9922984868759
9364819914349
5376929254111
4976294118681
8532527509311
5496319622983
0506040235906
0805336986224
9790909259329
2412157874043
6074271909902
4825397840093
5442382212074
8979082447822
2070662077188
5740808429412
7967607239037
0496001370047
3807310942270
2918984586584
6817012548654
3594899332206
0059369551925
1665417721605
7116244868849
4360117110951
7688128277297
3264036796969
6198372324159
3569416877985
9412211765434
2203357760146
0487815631431
7425866697303
5871614390436
1888513944816
4212851388975
4577530620297
7664833927122
6235200885571
2895753660148
8703796658880
8394178096609
7344202882736
4965181623061
3647122423264
9541076920108
9256772052752
1378393135683
4992562890481
1207368780812
5214369962450
7413020136503
4920496312434
2132559401106
5303847776585
6768733444379
3040519536413
2982607960307
2547805443677
1178254205050
5828609271839
3332579580164
5393768542892
2294821394781
7535395910997
0393910101167
5794020089177
5042511333876
2561603621841
4197448844052
7123080775905
6683185140559
7897597541326
9818137638824
8338818717042
0478327051447
2086989361206
3715002559546
1738132971799
8607353616454
9907408084506
7995630628610
2081927692100
6371431234600
5699724024362
5530178128792
2131945881597
9677745596227
7916524956558
3246595485156
6063217599284
1123737928353
4571934462027
5872523655878
0399814348003
1194315788055
8470685263407
6199184531476
6030208462082
0165889266736
4459080929886
9408835446918
0959941773365
5104736661186
9008492901815
5763636577403
6127118838752
4483737194844
4633417224650
2956887200900
4734216483724
9028534946933
3071468937979
4700829198300
7058404611208
2022466392524
6080143409905
0731377657323
1524649437296
7611164088462
1462166874819
4865835123908
7031427036107
1559759486663
2035632044057
1400963271648
9636294484406
5224634093667
6663009666083
7928446250364
8227613677511
5846767785826
3282493839948
6856698341191
6112510946650
0658859180280
3241906934481
6370591439138
2234033622463
2767045948809
8448832767532
2529866242934
3257399147350
8556890223814
1508038387593
3755658214351
0919203805046
9118825687688
3339587164194
8582550291550
4000271686091
3247890590285
7445481487011
2840114215633
9088975939733
3390294246925
5245338396439
5688730614762
5520759102241
0277084183319
1774957200878
7967287603618
2970489032697
0372758389634
3428577766464
2883146818148
1247108566097
9661401555989
2317743941298
6774431919766
8482374817104
3253097287141
3594431603425
6983133471774
2503688725078
2296916723590
1731120393275
6099437305320
9184491348550
6302858177341
3995362802778
7781913566311
3229468524611
4305383362941
5477022049245
3169698195464
9706062195757
5768643029008
3034954913042
8567918402466
5817847074462
9196383584444
0938551514484
9422600025257
0244429824845
2255309318233
5919808092952
7638098120931
2076619222632
4471900512352
5297242529310
0271908835970
9178966993947
1691162707246
3821377691655
2531934974813
1551600079574
5332419199174
1227568820335
7928384227761
1253360508702
1648561999764
6207437746939
8656499179429
2901550097350
4875701797291
9545606483508
5914427268613
4930860352270
6980021260911
4350714912995
3834667739387
8538429348716
3495567509919
2964387555433
6052560921998
4502536488910
6940990351970
3625597170491
2865809137700
2329509967829
6063803019039
6304801566709
6352337814500
2050155534525
4981295171492
3552427174527
1603265984604
8804762279869
1708955030585
6246456470450
3400941044157
0291856459734
7382790809724
7538506445278
4999596261623
0638834937814
5984653193055
1246648917433
8910867309202
4386729098179
7838752925676
2133063131642
8847684690520
3111189753395
2762950015003
3505941135765
0443073900776
6562604665333
5099056872153
6359454489821
0453931842601
4822331927833
7888867969532
5789483775239
5151609620658
3494681611109
7928881097421
0486712568484
4445339402849
4239365207836
2061480858857
1353381610442
4190615173263
8899083769617
8199161832088
9585492606749
1387714248625
8599271372722
9450570011979
4435897782477
5439983257411
1904895505929
9646439146810
0404793447986
3010300906582
7856532200817
4488781961566
1473535186849
2508569925286
1158578709616
7921963293775
1291653745490
8110631528642
8597243400272
3651179923556
1976604309920
5433146501820
5243694600708
3230499952539
8579605939274
9344002804918
9951281688442
8928319069514
3739756412339
2145886659336
9402886529705
1494127585675
5706418537461
8242937758187
1927934045488
8616464921959
9137840921491
6498872970100
8522882191677
8965002844722
5902021615488
5849610846552
2995266606188
6398059421909
9875415418500
1077870585874
2406181824156
5994447056470
9275982484824
7986565988205
0686204346421
9693963853939
5902235447099
0911916655484
1977196733232
8223248658853
9150013177584
7689761396908
3616818358135
5721423028746
8909830613863
2254549956776
1107025939401
6468074421026
9125801878698
2259797976762
1808282166672
7948348469450
5414299811840
3985224078905
3991222334026
4511363551572
5884542065199
9441656912366
0379536767291
1850729373621
7087268677805
3708417018311
8555923206396
7148548730671
1785186595721
0825790629711
7180829133217
0092576861131
6860062770845
7882707882435
8615706930813
1520634311018
6779179015346
3735924519839
3239541146560
1933081294559
5008271381573
2364329714801
5699151061264
7260018387850
9225341053089
4350315090624
1212498116173
3655507393557
1873647717363
6740037461935
8948434025135
0810858733392
6070521908570
8172724950522
6195806216531