5572783836367
6970457086952
2315278122250
2128269213254
4002392217608
3277471038964
2590405969128
8408455567854
5347205617988
0323513198770
2873987328710
4215475250817
2794267455473
5876533884451
7169964644724
7346217950351
5093303077222
5795838766334
8170874869151
4063212822239
6312107592501
2000640132184
9967374317944
7455931603109
0869991212069
8161373517260
4686592396431
2149267128257
5693459276518
8531963848945
9641957802383
8312783835391
2070872941482
7431407317550
0290342529705
3995652635746
2870373716159
0117454163577
8303260285593
4726385643769
3457192258363
3717705429887
1510138106724
5195111288876
5350575935286
6361796969008
6156700032258
9182994762218
3440282090037
8009330018204
7571474552459
1706519309509
4202282033553
4629207975329
5761957025706
8462022971154
6340647296105
6669791894855
3195870122723
0038715848187
7241308678308
4835437455641
9771384408914
2785775447023
0456178145862
5783256177953
7363617320489
7415375571739
0516204479568
7022541236159
8557345885706
8460894759204
1000575893930
8258741837477
5396222800731
6588945968996
7320893709145
7851821591588
2370344911350
9870453971465
9563484258193
2976838803109
1697654420747
1791953443348
8698909289092
6751540015177
3820520040877
6621875941777
1264991811619
8893539972547
6054881871024
2334083804862
0722673581718
0052776093734
5502634905204
8124105789074
1082383006802
2230200895143
1005059319321
9122812624958